state={
	id=1203
	name="STATE_1203"

	history={
		owner = HUY

		buildings = {
			infrastructure = 10
			industrial_complex = 10
			arms_factory = 10
			dockyard = 10
			anti_air_building = 5
			air_base = 5

		}

		add_core_of = HUY
	}

	provinces={
		15863 15883 16020 16021 16033 16049 16050 16074 16083 16138 16139 16140 16150 16151 16152 16169 16214 16232 16233 16264 16265 16279 16280 16299 16334 16351 16352 16364 16365 16366 16378 16407 16444 16445 16496 16513 16534 16553 16554 16555 16556 16575 16576 16602 16603 16623 16624 16625 16642 16643 16644 16657 16681 16697 16716 16740 16767 16788 16802 16803 16816 16817 16836 16852 16853 16871 16872 16894 16915 16956 16957 16994 16995 17029 17030 17031 17032 17033 17082 17083 17084 17085 17103 17157 17158 17175 17176 17190 17191 17200 17249 17250 17279 17300 17301 17302 17312 17313 17337 17388 17403 17421 17436 17437 17446 17447 17448 17505 17506 17507 17537 17578 17610 17611 17612 17622 17623 17639 17640 17654 17676 17722 17737 17752 17753 17754 17772 17801 17818 17843 17881 17882 17893 17941 17953 17969 18002 18021 18053 18054 18055 18072 18088 18115 18127 18146 18157 18158 18171 18214 18243 18254 18284 18295 18319 18320 18356 18357 18393 18450 18479 18480 18502 18530 18545 18554 18555 18565 18659 18678 18688 18705 18706 18716 18717 18773 18781 18808 18809 18810 18824 18825 18855 18856 18869 18913 18944 18953 18954 18955 18974 18975 18976 18982 18983 19027 19028 19071 19072 19087 19088 19108 19109 19128 19133 19134 19145 19146 19147 19160 19178 19192 19221 19229 19248 19249 19256 19257 19275 19300 19301 19302 19334 19340 19361 19362 19373 19382 19401 19440 19448 19459 19474 19493 19519 19529 19545 19546 19564 19565 19586 19587 19606 19633 19683 19699 19710 19711 19718 19726 19727 19747 19780 19817 19818 19837 19838 19844 19848 19883 19898 19919 19929 19936 20045 20089 20175 20267 20290 20412 
	}
	manpower=500000000
	buildings_max_level_factor=1.000
}
